{
  "metadata": {
    "version": 4.7,
    "type": "Object",
    "generator": "Object3D.toJSON"
  },
  "object": {
    "uuid": "a3bd4241-e998-4551-885a-ce4ad438ee77",
    "type": "Group",
    "name": "Skeleton_mixamo",
    "userData": {
      "expanded": true,
      "helper": null,
      "templateFile": "/Game/files/Skeleton_mixamo.object"
    },
    "layers": 1,
    "matrix": [1, 0, 0, 0, 0, 1, 0, 0, 0, 0, 1, 0, 0, 0, 0, 1],
    "up": [0, 1, 0],
    "children": [
      {
        "uuid": "61d040dc-fc77-4c5e-86ff-23feb5cd54c4",
        "type": "Bone",
        "name": "mixamorigHips",
        "userData": {
          "originalName": "mixamorig:Hips",
          "transformData": {
            "eulerOrder": "ZYX",
            "translation": [0, 99.79190000003285, 0],
            "preRotation": [0, -0.0002, 0.005],
            "parentMatrix": {
              "elements": [1, 0, 0, 0, 0, 1, 0, 0, 0, 0, 1, 0, 0, 0, 0, 1]
            },
            "parentMatrixWorld": {
              "elements": [1, 0, 0, 0, 0, 1, 0, 0, 0, 0, 1, 0, 0, 0, 0, 1]
            }
          },
          "expanded": true,
          "helper": "f164349a-8180-4ea7-8779-a7397dd217cf"
        },
        "layers": 1,
        "matrix": [
          0.99999999618619, 0.0000872664624884228, 0.0000034906585039815704, 0,
          -0.00008726646248895447, 0.9999999961922823, -5.169878828456423e-26,
          0, -0.0000034906584906901284, -3.0461741939945763e-10,
          0.9999999999939077, 0, 0, 99.79190000003285, 0, 1
        ],
        "up": [0, 1, 0],
        "children": [
          {
            "uuid": "677d818a-2a89-4e21-9147-b8d03331bd36",
            "type": "Bone",
            "name": "mixamorigSpine",
            "userData": {
              "originalName": "mixamorig:Spine",
              "transformData": {
                "eulerOrder": "ZYX",
                "translation": [0.0009000000000000001, 9.9235, -1.2273],
                "preRotation": [-6.9635, 0, 0.0007],
                "parentMatrix": {
                  "elements": [
                    0.99999999618619, 0.0000872664624884228,
                    0.0000034906585039815704, 0, -0.00008726646248895447,
                    0.9999999961922823, -5.169878828456423e-26, 0,
                    -0.0000034906584906901284, -3.0461741939945763e-10,
                    0.9999999999939077, 0, 0, 99.79190000003285, 0, 1
                  ]
                },
                "parentMatrixWorld": {
                  "elements": [
                    0.99999999618619, 0.0000872664624884228,
                    0.0000034906585039815704, 0, -0.00008726646248895447,
                    0.9999999961922823, -5.169878828456423e-26, 0,
                    -0.0000034906584906901284, -3.0461741939945763e-10,
                    0.9999999999939077, 0, 0, 99.79190000003285, 0, 1
                  ]
                }
              },
              "expanded": true,
              "helper": "4e262891-153e-462c-9c18-cbd917d89eb1"
            },
            "layers": 1,
            "matrix": [
              0.9999999999253683, 0.000012217304763656365,
              -9.529120656610875e-22, 0, -0.000012127184872019536,
              0.9926235864386401, -0.12123702198017626, 0,
              -0.0000014811896461699197, 0.12123702197112829,
              0.9926235865127216, 0, 0.0009000000000000015, 9.923500000000018,
              -1.2273000000000003, 1
            ],
            "up": [0, 1, 0],
            "children": [
              {
                "uuid": "59c9ea3a-4c3e-4c4a-813a-296fb175832d",
                "type": "Bone",
                "name": "mixamorigSpine1",
                "userData": {
                  "originalName": "mixamorig:Spine1",
                  "transformData": {
                    "eulerOrder": "ZYX",
                    "translation": [0, 11.732, 0],
                    "preRotation": [0.022500000000000003, 0, -0.0011],
                    "parentMatrix": {
                      "elements": [
                        0.9999999999253687, 0.00001221730476365636, 0, 0,
                        -0.00001212718487201953, 0.9926235864386406,
                        -0.12123702198017627, 0, -0.0000014811896461699189,
                        0.12123702197112825, 0.9926235865127216, 0,
                        0.0009000000000000015, 9.923500000000018,
                        -1.2273000000000003, 1
                      ]
                    },
                    "parentMatrixWorld": {
                      "elements": [
                        0.9999999950453977, 0.0000994837671990463,
                        0.000003490658503721058, 0, -0.00009832673675720674,
                        0.9926235816376445, -0.12123702202176952, 0,
                        -0.000015526025620956874, 0.12123702107786327,
                        0.992623586501504, 0, 0.00003829534122405521,
                        109.71540004116066, -1.2272999968509304, 1
                      ]
                    }
                  },
                  "helper": "0433613e-df60-4bfc-933c-87a45567c03e",
                  "expanded": true
                },
                "layers": 1,
                "matrix": [
                  0.999999999815706, -0.000019198621770758224,
                  -7.345363839470883e-22, 0, 0.000019198620290423868,
                  0.9999999227094233, 0.00039269907160551583, 0,
                  -7.53928094548147e-9, -0.0003926990715331439,
                  0.9999999228937169, 0, 0, 11.732, -1.7763568394002505e-15, 1
                ],
                "up": [0, 1, 0],
                "children": [
                  {
                    "uuid": "87a77482-74a4-4817-83f3-50d36a05f230",
                    "type": "Bone",
                    "name": "mixamorigSpine2",
                    "userData": {
                      "originalName": "mixamorig:Spine2",
                      "transformData": {
                        "eulerOrder": "ZYX",
                        "translation": [0, 13.4588, 0],
                        "preRotation": [6.617, 0.0002, 0.0004],
                        "parentMatrix": {
                          "elements": [
                            0.9999999998157064, -0.000019198621770758227,
                            -7.345363839470886e-22, 0, 0.00001919862029042386,
                            0.9999999227094233, 0.00039269907160551605, 0,
                            -7.539280945481471e-9, -0.00039269907153314414,
                            0.9999999228937169, 0, 0, 11.732,
                            -1.7763568394002505e-15, 1
                          ]
                        },
                        "parentMatrixWorld": {
                          "elements": [
                            0.999999996748842, 0.00008042676247611559,
                            0.0000058182422334867905, 0,
                            -0.00007913420601802129, 0.992671116492768,
                            -0.12084721022340146, 0, -0.000015494950886479434,
                            0.12084720937008615, 0.9926711196299457, 0,
                            -0.0011152739344114943, 121.3608599009335,
                            -2.6496527392103317, 1
                          ]
                        }
                      },
                      "helper": "09c6504a-2abf-453f-8c1d-02109d721e61",
                      "expanded": true
                    },
                    "layers": 1,
                    "matrix": [
                      0.9999999999695383, 0.000006981317007878076,
                      -0.0000034906585039815687, 0, -0.000006532576638284987,
                      0.9933386193149406, 0.11523188506143582, 0,
                      0.000004271876217874264, -0.11523188503512276,
                      0.9933386193302884, 0, 0, 13.458799999999968,
                      -1.7763568394002505e-15, 1
                    ],
                    "up": [0, 1, 0],
                    "children": [
                      {
                        "uuid": "2c2757e6-3b52-47cb-aaa5-3899b1f7c4e1",
                        "type": "Bone",
                        "name": "mixamorigLeftShoulder",
                        "userData": {
                          "originalName": "mixamorig:LeftShoulder",
                          "transformData": {
                            "eulerOrder": "ZYX",
                            "translation": [6.1058, 9.1063, 0.7571],
                            "preRotation": [-91.6082, 78.3773, 177.2209],
                            "rotation": [
                              0.007091851521846351, 0.0014572125252928566,
                              9.399307847648277e-8
                            ],
                            "parentMatrix": {
                              "elements": [
                                0.9999999999695383, 0.000006981317007878074,
                                -0.000003490658503981569, 0,
                                -0.000006532576638284988, 0.993338619314941,
                                0.11523188506143582, 0,
                                0.0000042718762178742635, -0.1152318850351227,
                                0.9933386193302884, 0, 0, 13.458799999999968,
                                -1.7763568394002505e-15, 1
                              ]
                            },
                            "parentMatrixWorld": {
                              "elements": [
                                0.9999999962200069, 0.0000869350778833958,
                                0.000001509493663829131, 0,
                                -0.0000869251519631553, 0.9999840075054822,
                                -0.005654836628379442, 0,
                                -0.000002001073185966046, 0.0056548364757913056,
                                0.999984011282395, 0, -0.002180325386366837,
                                134.72102192358633, -4.276111172165045, 1
                              ]
                            }
                          },
                          "helper": "aa16bc9f-4e5f-4dc0-b3ef-a926458ac4f8",
                          "expanded": true
                        },
                        "layers": 1,
                        "matrix": [
                          -0.2012285208315542, 0.009793592531231294,
                          -0.9794953639243407, 0, 0.9793162730106632,
                          -0.019564606981966378, -0.20138734709545583, 0,
                          -0.021135747454236253, -0.9997606271998185,
                          -0.005654067613438898, 0, 6.1058, 9.106299999999976,
                          0.7571000000000008, 1
                        ],
                        "up": [0, 1, 0],
                        "children": [
                          {
                            "uuid": "c8fc6edc-b011-4ce2-a472-0f94677e7fe5",
                            "type": "Bone",
                            "name": "mixamorigLeftArm",
                            "userData": {
                              "originalName": "mixamorig:LeftArm",
                              "transformData": {
                                "eulerOrder": "ZYX",
                                "translation": [0, 12.9223, 0],
                                "preRotation": [-1.2039, 0, 11.6115],
                                "rotation": [
                                  -0.0021982931517295122, -2.00112678718912e-14,
                                  -0.00014778188165402847
                                ],
                                "parentMatrix": {
                                  "elements": [
                                    -0.2012285208315537, 0.009793592531231514,
                                    -0.9794953639243402, 0, 0.979316273010663,
                                    -0.01956460698196616, -0.20138734709545586,
                                    0, -0.021135747454236256,
                                    -0.9997606271998185, -0.005654067613438899,
                                    0, 6.1058, 9.106299999999976,
                                    0.7571000000000008, 1
                                  ]
                                },
                                "parentMatrixWorld": {
                                  "elements": [
                                    -0.20122741133852182, 0.00423705597833796,
                                    -0.9795353879685172, 0, 0.9793183729561096,
                                    -0.020617969674747827, -0.20127201424214347,
                                    0, -0.02104883171569406,
                                    -0.9997784487990972, -5.261021242325067e-7,
                                    0, 6.1028265700099205, 143.83198837602785,
                                    -3.570508699345742, 1
                                  ]
                                }
                              },
                              "helper": "6ed38583-bf6b-442d-a849-b0a0a67aac5e",
                              "expanded": true
                            },
                            "layers": 1,
                            "matrix": [
                              0.9795353899683613, 0.20127200451013397,
                              5.419190110718397e-8, 0, -0.2012274113385219,
                              0.9793183729561095, -0.021048831715693963, 0,
                              -0.004236593623138625, 0.02061806467811472,
                              0.9997784487992334, 0, 4.440892098500626e-16,
                              12.922299999999998, 5.684341886080802e-14, 1
                            ],
                            "up": [0, 1, 0],
                            "children": [
                              {
                                "uuid": "7a682612-4b23-4462-91d3-cb09ebc6f63c",
                                "type": "Bone",
                                "name": "mixamorigLeftForeArm",
                                "userData": {
                                  "originalName": "mixamorig:LeftForeArm",
                                  "transformData": {
                                    "eulerOrder": "ZYX",
                                    "translation": [0, 27.4047, 0],
                                    "rotation": [
                                      -8.698438152837123e-22, 0,
                                      1.842831661026294e-15
                                    ],
                                    "parentMatrix": {
                                      "elements": [
                                        0.9795353899683613, 0.20127200451013394,
                                        5.419190110718397e-8, 0,
                                        -0.20122741133852187,
                                        0.9793183729561095,
                                        -0.021048831715693963, 0,
                                        -0.004236593623138624,
                                        0.02061806467811472, 0.9997784487992334,
                                        0, 4.440892098500626e-16,
                                        12.922299999999998,
                                        5.684341886080802e-14, 1
                                      ]
                                    },
                                    "parentMatrixWorld": {
                                      "elements": [
                                        9.665409643351622e-17,
                                        4.7201479857456864e-7,
                                        -0.9999999999998886, 0,
                                        0.9999999999999999,
                                        -5.204170427930421e-17,
                                        -3.2597920369144144e-16, 0,
                                        -1.0061396160665481e-16,
                                        -0.9999999999998892,
                                        -4.7201479857751436e-7, 0,
                                        18.757872380860654, 143.5655567864998,
                                        -6.171406048986993, 1
                                      ]
                                    }
                                  },
                                  "helper": "4234fb28-c02d-42a1-a8ec-e9bc687aae66",
                                  "expanded": true
                                },
                                "layers": 1,
                                "matrix": [
                                  1, 3.2163480044904875e-17,
                                  -2.4414716432991034e-40, 0,
                                  -3.2163480044904875e-17, 1,
                                  -1.518163855335589e-23, 0,
                                  -2.4414716432991034e-40,
                                  1.518163855335589e-23, 1, 0, 0,
                                  27.404700000000002, 0, 1
                                ],
                                "up": [0, 1, 0],
                                "children": [
                                  {
                                    "uuid": "c2554310-f8bd-45d6-a267-f8b73cfacd32",
                                    "type": "Bone",
                                    "name": "mixamorigLeftHand",
                                    "userData": {
                                      "originalName": "mixamorig:LeftHand",
                                      "transformData": {
                                        "eulerOrder": "ZYX",
                                        "translation": [0, 27.6145, 0],
                                        "rotation": [
                                          -2.425172944617481e-14,
                                          -0.00006477256052581963,
                                          -1.4486199282888454e-15
                                        ],
                                        "parentMatrix": {
                                          "elements": [
                                            1, 3.2163480044904875e-17,
                                            -2.4414716432991034e-40, 0,
                                            -3.2163480044904875e-17, 1,
                                            -1.518163855335589e-23, 0,
                                            -2.4414716432991034e-40,
                                            1.518163855335589e-23, 1, 0, 0,
                                            27.404700000000002, 0, 1
                                          ]
                                        },
                                        "parentMatrixWorld": {
                                          "elements": [
                                            1.288175764784211e-16,
                                            4.7201479857456864e-7,
                                            -0.9999999999998886, 0,
                                            0.9999999999999999,
                                            -5.204170427930421e-17,
                                            -2.93815723646533e-16, 0,
                                            -1.0061394642501626e-16,
                                            -0.9999999999998892,
                                            -4.7201479857751436e-7, 0,
                                            46.16257238086065,
                                            143.5655567864998,
                                            -6.171406048987002, 1
                                          ]
                                        }
                                      },
                                      "helper": "f34435c5-7e90-4fa7-9792-21e63ba2141d",
                                      "expanded": true
                                    },
                                    "layers": 1,
                                    "matrix": [
                                      0.9999999999993604,
                                      -2.528318735862832e-17,
                                      0.0000011304944461226216, 0,
                                      2.528366586588675e-17, 1,
                                      -4.232725281383412e-16, 0,
                                      -0.0000011304944461226216,
                                      4.2327255672111425e-16,
                                      0.9999999999993604, 0, 0, 27.6145, 0, 1
                                    ],
                                    "up": [0, 1, 0]
                                  }
                                ]
                              }
                            ]
                          }
                        ]
                      },
                      {
                        "uuid": "e49f7ff7-4a63-4ff1-9a07-b8075f1e1d46",
                        "type": "Bone",
                        "name": "mixamorigRightShoulder",
                        "userData": {
                          "originalName": "mixamorig:RightShoulder",
                          "transformData": {
                            "eulerOrder": "ZYX",
                            "translation": [-6.1057, 9.1064, 0.7571],
                            "preRotation": [-91.6082, -78.3774, -177.2205],
                            "rotation": [
                              -0.007067955346456379, 0.0014523115024670217,
                              -8.657973009400927e-8
                            ],
                            "parentMatrix": {
                              "elements": [
                                0.9999999999695383, 0.000006981317007878074,
                                -0.000003490658503981569, 0,
                                -0.000006532576638284988, 0.993338619314941,
                                0.11523188506143582, 0,
                                0.0000042718762178742635, -0.1152318850351227,
                                0.9933386193302884, 0, 0, 13.458799999999968,
                                -1.7763568394002505e-15, 1
                              ]
                            },
                            "parentMatrixWorld": {
                              "elements": [
                                0.9999999962200069, 0.0000869350778833958,
                                0.000001509493663829131, 0,
                                -0.0000869251519631553, 0.9999840075054822,
                                -0.005654836628379442, 0,
                                -0.000002001073185966046, 0.0056548364757913056,
                                0.999984011282395, 0, -0.002180325386366837,
                                134.72102192358633, -4.276111172165045, 1
                              ]
                            }
                          },
                          "helper": "7dc8c6b7-e224-4460-bf56-bec8274a4544",
                          "expanded": false
                        },
                        "layers": 1,
                        "matrix": [
                          -0.20122781227880018, -0.009744145727618777,
                          0.9794960026409123, 0, -0.9793216813901289,
                          -0.019324384228122993, -0.2013842410254958, 0,
                          0.020890474496741987, -0.9997657824701964,
                          -0.005654049615821947, 0, -6.105700000000001,
                          9.10639999999998, 0.7570999999999999, 1
                        ],
                        "up": [0, 1, 0],
                        "children": [
                          {
                            "uuid": "7824a8fd-934f-4be1-98c6-a1d3f11c8968",
                            "type": "Bone",
                            "name": "mixamorigRightArm",
                            "userData": {
                              "originalName": "mixamorig:RightArm",
                              "transformData": {
                                "eulerOrder": "ZYX",
                                "translation": [0, 12.9223, 0],
                                "preRotation": [-1.2043, 0, -11.6114],
                                "rotation": [
                                  0.0022958895858880405, 1.949541722916902e-14,
                                  -0.000023030396293185613
                                ],
                                "parentMatrix": {
                                  "elements": [
                                    -0.20122781227880018, -0.009744145727618777,
                                    0.9794960026409123, 0, -0.9793216813901288,
                                    -0.01932438422812299, -0.20138424102549576,
                                    0, 0.020890474496741987,
                                    -0.9997657824701964, -0.005654049615821947,
                                    0, -6.105700000000001, 9.10639999999998,
                                    0.7570999999999999, 1
                                  ]
                                },
                                "parentMatrixWorld": {
                                  "elements": [
                                    -0.20122892454999897, -0.004222593926328803,
                                    0.9795351395559961, 0, -0.9793195949286592,
                                    -0.020548007541459235, -0.20127322319385474,
                                    0, 0.020977390524512002,
                                    -0.9997799503323773, -4.1551426752800547e-7,
                                    0, -6.10867339252321, 143.83102676672502,
                                    -3.570527698011282, 1
                                  ]
                                }
                              },
                              "helper": "215a6b4a-b23c-4523-9418-9135f43a52be",
                              "expanded": true
                            },
                            "layers": 1,
                            "matrix": [
                              0.9795351413465226, -0.20127321448033741,
                              8.448095919436766e-9, 0, 0.20122892454999902,
                              0.9793195949286585, -0.020977390524511773, 0,
                              0.004222178548891981, 0.020548092892510104,
                              0.9997799503324628, 0, 4.440892098500626e-16,
                              12.9223, 2.842170943040401e-14, 1
                            ],
                            "up": [0, 1, 0],
                            "children": [
                              {
                                "uuid": "3d5ecdb3-f510-46c8-8e2c-1b7ccf013fcb",
                                "type": "Bone",
                                "name": "mixamorigRightForeArm",
                                "userData": {
                                  "originalName": "mixamorig:RightForeArm",
                                  "transformData": {
                                    "eulerOrder": "ZYX",
                                    "translation": [0, 27.4047, 0],
                                    "rotation": [
                                      7.814632290176131e-22,
                                      3.0332133116374176e-21,
                                      1.8428316610263346e-15
                                    ],
                                    "parentMatrix": {
                                      "elements": [
                                        0.9795351413465226, -0.2012732144803374,
                                        8.448095918569404e-9, 0,
                                        0.20122892454999908, 0.9793195949286589,
                                        -0.020977390524511773, 0,
                                        0.004222178548891981,
                                        0.020548092892510098,
                                        0.9997799503324628, 0,
                                        4.440892098500626e-16, 12.9223,
                                        2.842170943040401e-14, 1
                                      ]
                                    },
                                    "parentMatrixWorld": {
                                      "elements": [
                                        1.8432251239867846e-16,
                                        -4.2405567665453157e-7,
                                        0.9999999999999105, 0,
                                        -0.9999999999999999,
                                        -1.2836953722228372e-16,
                                        1.6255250472079668e-17, 0,
                                        2.255140518769849e-16,
                                        -0.9999999999999106,
                                        -4.240556767562673e-7, 0,
                                        -18.76373499406982, 143.565499248872,
                                        -6.171440670089231, 1
                                      ]
                                    }
                                  },
                                  "helper": "d633e6bf-40e8-482b-ac15-168185fdf194",
                                  "expanded": true
                                },
                                "layers": 1,
                                "matrix": [
                                  1, 3.21634800449056e-17,
                                  2.1934056138273387e-40, 0,
                                  -3.2163480044905596e-17, 0.9999999999999999,
                                  1.3639106283057534e-23, 0,
                                  2.1934056138273387e-40,
                                  -1.3639106283057537e-23, 1, 0, 0,
                                  27.404699999999988, 0, 1
                                ],
                                "up": [0, 1, 0],
                                "children": [
                                  {
                                    "uuid": "489930e2-32a4-4af0-99a8-d6c2d6819b64",
                                    "type": "Bone",
                                    "name": "mixamorigRightHand",
                                    "userData": {
                                      "originalName": "mixamorig:RightHand",
                                      "transformData": {
                                        "eulerOrder": "ZYX",
                                        "translation": [0, 27.6145, 0],
                                        "rotation": [
                                          -6.221960095616651e-14,
                                          0.00006203718253796198,
                                          -1.4550875921604277e-15
                                        ],
                                        "parentMatrix": {
                                          "elements": [
                                            1, 3.21634800449056e-17,
                                            2.1934056138273387e-40, 0,
                                            -3.2163480044905596e-17,
                                            0.9999999999999999,
                                            1.3639106283057534e-23, 0,
                                            2.1934056138273387e-40,
                                            -1.3639106283057537e-23, 1, 0, 0,
                                            27.404699999999988, 0, 1
                                          ]
                                        },
                                        "parentMatrixWorld": {
                                          "elements": [
                                            1.5215903235377287e-16,
                                            -4.2405567665453157e-7,
                                            0.9999999999999105, 0,
                                            -0.9999999999999998,
                                            -1.283695372222837e-16,
                                            -1.5908229572828838e-17, 0,
                                            2.255140655160912e-16,
                                            -0.9999999999999106,
                                            -4.240556767562673e-7, 0,
                                            -46.168434994069806,
                                            143.565499248872, -6.17144067008923,
                                            1
                                          ]
                                        }
                                      },
                                      "helper": "01be2a0d-8f68-41ba-8213-43309c118f28",
                                      "expanded": true
                                    },
                                    "layers": 1,
                                    "matrix": [
                                      0.9999999999994138,
                                      -2.5396069388100988e-17,
                                      -0.0000010827530939479572, 0,
                                      2.5394893586581937e-17, 1,
                                      -1.085936895961481e-15, 0,
                                      0.0000010827530939479572,
                                      1.0859368684644448e-15,
                                      0.9999999999994138, 0, 0,
                                      27.614499999999992, 0, 1
                                    ],
                                    "up": [0, 1, 0]
                                  }
                                ]
                              }
                            ]
                          }
                        ]
                      },
                      {
                        "uuid": "b04c9dd6-c5b8-4869-994a-532325cd455f",
                        "type": "Bone",
                        "name": "mixamorigNeck",
                        "userData": {
                          "originalName": "mixamorig:Neck",
                          "transformData": {
                            "eulerOrder": "ZYX",
                            "translation": [0, 15.0278, 0.8779],
                            "preRotation": [0.324, 0, 0],
                            "parentMatrix": {
                              "elements": [
                                0.9999999999695383, 0.000006981317007878074,
                                -0.000003490658503981569, 0,
                                -0.000006532576638284988, 0.993338619314941,
                                0.11523188506143582, 0,
                                0.0000042718762178742635, -0.1152318850351227,
                                0.9933386193302884, 0, 0, 13.458799999999968,
                                -1.7763568394002505e-15, 1
                              ]
                            },
                            "parentMatrixWorld": {
                              "elements": [
                                0.9999999962200069, 0.0000869350778833958,
                                0.000001509493663829131, 0,
                                -0.0000869251519631553, 0.9999840075054822,
                                -0.005654836628379442, 0,
                                -0.000002001073185966046, 0.0056548364757913056,
                                0.999984011282395, 0, -0.002180325386366837,
                                134.72102192358633, -4.276111172165045, 1
                              ]
                            }
                          },
                          "helper": "2a597611-5c7f-4891-aff4-0ab8c8f5b5c1"
                        },
                        "layers": 1,
                        "matrix": [
                          1, -1.8367407277125173e-20, -3.6957265352819104e-22,
                          0, 1.8369203478838678e-20, 0.9999840112834768,
                          0.005654836638408879, 0, 2.6570205691253374e-22,
                          -0.0056548366384088795, 0.9999840112834769, 0,
                          -1.734723475976807e-18, 15.027799999999957,
                          0.8779000000000003, 1
                        ],
                        "up": [0, 1, 0],
                        "children": [
                          {
                            "uuid": "19d590ae-ce32-41e6-b33b-6992b94fab70",
                            "type": "Bone",
                            "name": "mixamorigHead",
                            "userData": {
                              "originalName": "mixamorig:Head",
                              "transformData": {
                                "eulerOrder": "ZYX",
                                "translation": [0, 10.3218, 3.1424],
                                "parentMatrix": {
                                  "elements": [
                                    1, -1.8367407277125185e-20,
                                    -3.695726535281913e-22, 0,
                                    1.836920347883869e-20, 0.9999840112834768,
                                    0.005654836638408882, 0,
                                    2.657020569125339e-22,
                                    -0.005654836638408883, 0.9999840112834769,
                                    0, -1.734723475976807e-18,
                                    15.027799999999957, 0.8779000000000003, 1
                                  ]
                                },
                                "parentMatrixWorld": {
                                  "elements": [
                                    0.9999999962200069, 0.00008693507788339578,
                                    0.0000015094936638291306, 0,
                                    -0.00008693507788350995, 0.999999996221146,
                                    1.0023162855254952e-11, 0,
                                    -0.0000015094936572536227,
                                    -1.412510343065665e-10, 0.9999999999988614,
                                    0, -0.0034883759271886997,
                                    149.75354597251928, -3.4832049625441908, 1
                                  ]
                                }
                              },
                              "helper": "7326e7da-2d0c-4558-8ebd-3e25baa016ab"
                            },
                            "layers": 1,
                            "matrix": [
                              1, -1.3611201515987042e-20, 4.235164736271502e-22,
                              0, 1.3611201515987042e-20, 1,
                              4.038967834731583e-27, 0, -4.235164736271502e-22,
                              -4.0389678347315776e-27, 1, 0, 0,
                              10.321800000000025, 3.1424, 1
                            ],
                            "up": [0, 1, 0],
                            "children": [
                              {
                                "uuid": "d8749871-6032-4ad3-92d9-67c8f8b23f67",
                                "type": "Bone",
                                "name": "mixamorigHeadTop_End",
                                "userData": {
                                  "originalName": "mixamorig:HeadTop_End",
                                  "transformData": {
                                    "eulerOrder": "ZYX",
                                    "translation": [0.0002, 18.4747, 6.6364],
                                    "parentMatrix": {
                                      "elements": [
                                        1, -1.3611201515987042e-20,
                                        4.235164736271502e-22, 0,
                                        1.3611201515987042e-20, 1,
                                        4.038967834731583e-27, 0,
                                        -4.235164736271502e-22,
                                        -4.0389678347315776e-27, 1, 0, 0,
